# Gold, Johnson and Christy data from https://refractiveindex.info/
# lam n k
0.1879e-6 1.28 1.188
0.1916e-6 1.32 1.203
0.1953e-6 1.34 1.226
0.1993e-6 1.33 1.251
0.2033e-6 1.33 1.277
0.2073e-6 1.30 1.304
0.2119e-6 1.30 1.350
0.2164e-6 1.30 1.387
0.2214e-6 1.30 1.427
0.2262e-6 1.31 1.460
0.2313e-6 1.30 1.497
0.2371e-6 1.32 1.536
0.2426e-6 1.32 1.577
0.2490e-6 1.33 1.631
0.2551e-6 1.33 1.688
0.2616e-6 1.35 1.749
0.2689e-6 1.38 1.803
0.2761e-6 1.43 1.847
0.2844e-6 1.47 1.869
0.2924e-6 1.49 1.878
0.3009e-6 1.53 1.889
0.3107e-6 1.53 1.893
0.3204e-6 1.54 1.898
0.3315e-6 1.48 1.883
0.3425e-6 1.48 1.871
0.3542e-6 1.50 1.866
0.3679e-6 1.48 1.895
0.3815e-6 1.46 1.933
0.3974e-6 1.47 1.952
0.4133e-6 1.46 1.958
0.4305e-6 1.45 1.948
0.4509e-6 1.38 1.914
0.4714e-6 1.31 1.849
0.4959e-6 1.04 1.833
0.5209e-6 0.62 2.081
0.5486e-6 0.43 2.455
0.5821e-6 0.29 2.863
0.6168e-6 0.21 3.272
0.6595e-6 0.14 3.697
0.7045e-6 0.13 4.103
0.7560e-6 0.14 4.542
0.8211e-6 0.16 5.083
0.8920e-6 0.17 5.663
0.9840e-6 0.22 6.350
1.0880e-6 0.27 7.150
1.2160e-6 0.35 8.145
1.3930e-6 0.43 9.519
1.6100e-6 0.56 11.21
1.9370e-6 0.92 13.78